        n    medOI  sd_dNet  sd_dNet_over_OI_pct  roll52sd_max_over_min  oi_max_over_min  kurt_zsd  kurt_zoi  p_zsd_gt1  p_zoi_gt1sd  corr_zsd_zlvl  sd_zlvl  lag1_zsd
sym                                                                                                                                                                   
GF   1059    42900     1541                 3.63                    3.6              5.2       0.7       1.8      0.271        0.247           0.95    0.394      0.32
HE   1059   229073     6620                 2.79                    4.5              3.3       0.1       1.8      0.334        0.276           0.96    0.378      0.40
LE   1059   311162     7219                 2.35                    3.2              2.3       0.6       1.3      0.286        0.258           0.94    0.390      0.38
CT   1059   207566     7215                 3.46                    4.8              3.6       0.7       1.5      0.290        0.266           0.95    0.411      0.32
CC   1059   200766     6476                 3.03                    5.0              4.6       0.7       3.3      0.267        0.242           0.95    0.381      0.36
KC   1059   176007     5949                 3.14                    3.3              3.8       0.7       1.2      0.272        0.260           0.94    0.408      0.33
LBR  1059    18492     1290                12.39                    9.1             60.0       1.8     403.4      0.253        0.080           0.96    0.435      0.32
OJ   1059    15410     1059                 5.58                    6.1              5.0       2.1       4.2      0.229        0.226           0.93    0.422      0.43
SB   1059   833097    21682                 2.54                    5.2              3.0       1.0       2.7      0.305        0.245           0.94    0.456      0.32
HG   1059   180479     8568                 4.27                    8.5              5.1       0.7       1.5      0.302        0.257           0.95    0.478      0.20
GC   1059   462040    17463                 3.77                    3.4              3.1       0.4       1.2      0.284        0.263           0.96    0.464      0.15
PA   1059    20839     1098                 5.31                    3.9              7.7       1.2       2.9      0.272        0.247           0.94    0.454      0.22
PL   1059    64102     3988                 5.96                   17.7             15.2       1.3       1.8      0.299        0.246           0.95    0.459      0.24
SI   1059   147113     6794                 4.10                    6.6              3.0       1.2       2.4      0.263        0.237           0.96    0.486      0.28
CL   1059  1721471    23347                 1.31                    3.6              2.8      -0.0       0.6      0.314        0.295           0.97    0.489      0.15
NG   1059  1164815    22116                 1.86                    4.5              2.9       0.6       1.6      0.314        0.266           0.94    0.472      0.19
RB   1059   330546     7046                 2.24                    3.9             10.4       0.7       2.0      0.308        0.273           0.94    0.553      0.17
HO   1059   324424     6410                 1.99                    4.7              2.8       0.7       2.1      0.293        0.241           0.96    0.505      0.15
ZC   1059  1385213    35684                 2.50                    4.3              2.8       1.2       2.2      0.279        0.259           0.98    0.368      0.32
ZS   1059   672574    19644                 2.84                    5.5              4.0       0.8       1.6      0.308        0.278           0.96    0.410      0.24
ZM   1059   371919    11180                 2.95                    6.1              6.3       0.7       1.4      0.303        0.277           0.95    0.404      0.31
ZL   1059   396753    11774                 2.91                    5.6              3.7       0.7       0.9      0.292        0.274           0.97    0.423      0.31
ZW   1059   420266    12969                 3.08                    4.5              2.3       1.1       2.9      0.299        0.249           0.96    0.492      0.17

sd(dNet/OI) % across markets: min 1.31 max 12.39 max/min 9.5
P(|z_sd|>1): min 0.229 median 0.292 max 0.334 (gaussian 0.317)
P(|z_oi|>1sd): min 0.08 median 0.258 max 0.295
kurtosis z_sd median 0.7  z_oi median 1.8
sd(dNet / rolling sd of LEVEL): min 0.368 max 0.553
within-market rolling-52 sd of dNet, max/min: median 4.7 max 17.7
OI max/min within market: median 3.7 max 60.0
lag1 autocorr of z_sd: median 0.31 min 0.15 max 0.43

VALUE_ACCUM occupancy per market (counts only):
sym                 GF    HE    LE    CT    CC    KC   LBR    OJ    SB    HG    GC    PA    PL    SI    CL    NG    RB    HO    ZC    ZS    ZM    ZL    ZW
weeks             1059  1059  1059  1059  1059  1059  1059  1059  1059  1059  1059  1059  1059  1059  1059  1059  1059  1059  1059  1059  1059  1059  1059
value_accum          0     5     2    15    11     8     7    14    24    16    21     6     8    13     9    27    39    32     1     9    12    22     9
all_three_active    64    44    62    55    35    55    46    42    59    54    55    49    58    62    52    82    88    65    42    44    50    57    47
pooled VALUE_ACCUM weeks = 310  pooled all-three-active = 1267  of 24357 market-weeks

real	0m0.709s
user	0m0.780s
sys	0m0.102s
